55 21
55 3
55 13
56 21
56 0
56 13
57 21
57 12
57 14
58 21
58 3
58 15
59 21
59 5
59 15
60 21
60 3
60 16
61 21
61 0
61 16
62 21
62 3
62 17
63 21
63 8
63 17
64 21
64 3
64 18
65 21
65 12
65 19
66 21
66 5
66 20
67 21
67 10
67 22
68 21
68 9
68 22
69 21
69 7
69 22
70 21
70 3
70 23
71 21
71 0
71 23
72 21
72 3
72 24
73 21
73 3
73 25
74 21
74 0
74 25
75 21
75 5
75 26
76 21
76 3
76 27
77 21
77 0
77 27
78 21
78 3
78 28
79 21
79 5
79 28
80 21
80 11
80 28
81 21
81 6
81 28
82 21
82 3
82 29
83 21
83 3
83 30
84 21
84 1
84 30
85 21
85 8
85 30
86 21
86 5
86 30
87 21
87 0
87 31
88 21
88 4
88 32
89 21
89 3
89 33
90 21
90 0
90 33
91 21
91 10
91 34
92 21
92 7
92 35
93 21
93 3
93 36
94 21
94 0
94 36
95 21
95 5
95 37
96 21
96 9
96 37
97 21
97 3
97 37
98 21
98 3
98 38
99 21
99 0
99 38
100 21
100 3
100 39
101 21
101 0
101 39
102 21
102 3
102 40
103 21
103 2
103 40
104 21
104 3
104 41
105 21
105 0
105 41
106 21
106 3
106 42
107 21
107 0
107 42
108 21
108 10
108 43
109 21
109 3
109 44
110 21
110 0
110 44
111 21
111 0
111 45
112 21
112 3
112 46
113 21
113 0
113 46
114 21
114 3
114 47
115 21
115 0
115 47
116 21
116 3
116 48
117 21
117 3
117 49
118 21
118 0
118 49
119 21
119 6
119 50
120 21
120 3
120 50
121 21
121 3
121 51
122 21
122 2
122 51
123 21
123 3
123 52
124 21
124 0
124 52
125 21
125 3
125 53
126 21
126 0
126 53
127 21
127 5
127 54
0 1
1 3
2 5
2 11
4 9
13 38
14 19
15 20
15 54
16 48
17 40
22 33
22 34
22 35
25 36
28 54
29 46
29 37
29 49
29 30
29 24
42 46
50 54
53 13
53 38
28 50
55 56
58 59
57 65
60 61
62 63
67 68
70 71
73 74
76 77
78 79
78 80
78 81
79 80
79 81
80 81
83 84
82 83
89 90
93 94
95 96
95 97
96 97
98 99
100 101
102 103
104 105
106 107
109 110
112 113
114 115
117 118
119 120
121 122
123 124
125 126